17
18
99
12
59
60
64
65
66
67
91
98
99
100
4
51
83
10
74
98
44
96
100
30
4
20
23
27
28
12
42
67
89
92
99
3
8
12
42
67
12
18
50
67
50
85
62
96
39
79
80
81
85
86
88
47
99
77
89
37
52
33
13
52
0
49
90
96
49
50
53
55
57
75
10
20
21
27
28
36
56
30
49
31
56
58
67
87
99
59
66
29
52
94
100
43
12
87
4
52
53
43
46
48
71
5
78
5
81
86
79
80
59
75
61
70
76
87
10
13
11
13
76
7
3
20
27
10
50
53
52
59
60
64
65
66
67
88
73
78
31
59
66
62
84
77
12
29
31
33
35
38
43
49
54
55
42
47
49
53
59
60
61
62
66
33
17
45
4
25
51
62
63
68
7
47
48
49
50
51
52
53
54
55
56
57
58
92
0
2
0
12
13
19
62
19
33
71
19
59
62
63
66
67
68
73
52
75
12
69
70
72
20
27
28
32
46
59
66
0
24
39
40
41
42
43
44
45
46
47
48
83
13
1
49
19
21
22
59
66
6
24
62
63
68
1
91
92
98
33
38
35
59
63
87
63
68
99
5
15
29
36
9
33
34
36
96
79
80
81
82
83
84
85
86
87
88
54
16
52
87
12
17
20
21
22
23
62
11
45
9
25
26
34
3
34
35
73
15
87
13
28
10
17
93
61
39
63
68
52
25
10
14
50
67
85
63
68
38
41
62
91
98
86
66
32
17
18
24
25
26
62
63
66
67
68
35
13
77
89
89
91
98
17
39
43
46
63
92
59
62
11
12
14
17
18
49
20
23
27
37
30
28
17
18
92
95
5
74
83
88
96
34
63
32
0
1
2
3
5
6
8
0
45
59
92
95
35
52
66
79
84
87
100
60
64
65
69
61
81
82
83
84
85
86
72
60
64
65
62
13
3
7
8
96
20
21
22
24
25
27
28
35
42
69
76
78
28
56
50
7
8
21
31
33
35
37
38
42
47
48
63
52
52
54
66
81
83
6
83
67
4
86
84
86
91
39
40
41
42
43
44
45
46
47
49
58
88
89
92
95
28
79
71
88
7
11
10
11
13
14
15
16
17
18
19
80
99
93
90
94
96
96
32
21
22
24
26
28
71
90
93
96
87
97
13
75
3
20
23
83
72
61
12
45
91
98
28
60
64
71
9
66
81
86
88
33
99
60
64
65
67
7
24
66
39
57
7
71
82
40
46
48
70
29
30
31
36
38
50
26
32
61
30
44
62
17
16
19
48
29
71
91
98
53
36
10
11
13
14
15
16
17
18
19
99
17
18
71
82
71
99
100
90
96
32
50
6
79
80
84
87
17
63
68
29
32
58
4
96
67
25
0
1
2
3
4
5
6
7
8
9
20
21
22
23
24
25
26
27
28
77
78
32
99
45
40
41
44
45
10
13
20
26
27
52
54
78
88
32
32
14
75
35
36
62
80
0
84
44
45
1
2
3
5
6
7
8
52
56
58
67
67
99
0
50
30
39
91
98
32
37
88
95
100
71
59
52
56
58
53
66
7
33
85
51
53
83
74
85
86
3
6
7
75
14
78
7
8
54
30
37
93
90
94
96
3
7
5
73
74
76
45
49
50
51
52
53
54
55
56
57
58
46
62
79
80
5
46
60
64
65
75
60
64
65
13
19
0
5
7
12
39
63
70
69
70
72
73
75
76
77
78
79
80
81
83
86
88
90
94
96
51
36
71
32
58
92
69
70
72
76
1
3
6
7
34
91
98
82
56
0
81
86
3
93
2
97
70
73
81
88
74
90
96
49
63
80
93
79
80
90
93
94
96
29
50
70
100
32
34
46
41
74
30
69
76
90
94
96
20
27
11
12
61
67
80
84
81
62
67
73
74
75
59
66
49
92
95
17
18
59
60
61
62
63
66
67
84
25
26
74
77
39
48
5
9
72
76
83
100
16
50
54
57
38
45
89
91
62
63
68
90
96
15
40
41
46
60
0
3
7
10
90
96
86
7
49
39
40
43
46
47
48
36
59
63
66
68
39
41
43
50
54
12
59
80
26
96
71
84
0
32
17
18
82
99
92
12
15
55
59
61
63
66
63
5
3
7
36
89
91
92
94
95
97
98
16
78
25
45
46
62
10
13
4
52
21
28
91
84
56
70
0
89
98
7
37
63
69
71
73
80
15
38
60
56
92
8
77
37
67
67
17
18
20
21
22
24
25
27
28
50
52
54
55
57
91
98
75
71
74
71
96
21
91
98
50
1
4
96
31
71
24
25
26
28
0
60
64
65
1
28
9
37
30
42
43
9
1
37
73
13
76
79
40
44
45
61
62
59
66
92
95
82
61
40
58
12
13
49
25
26
24
25
39
7
41
43
44
80
89
91
98
92
39
12
58
4
16
37
15
83
72
93
52
1
21
43
35
73
56
58
41
78
76
4
74
43
17
18
21
22
69
87
47
75
54
19
71
91
39
50
99
0
14
74
35
5
32
61
63
68
59
66
1
4
26
60
62
63
64
65
67
68
73
7
46
96
20
21
22
23
27
28
78
89
5
59
60
11
44
13
25
28
30
81
84
85
100
25
42
43
88
59
62
63
66
68
30
64
11
24
75
82
34
91
98
9
14
71
15
34
32
35
62
90
96
74
77
78
10
13
59
61
63
66
68
45
37
31
0
41
83
85
41
61
67
82
13
21
22
49
71
80
82
75
77
47
93
8
77
13
92
9
5
67
5
5
59
66
96
4
44
45
89
90
94
96
97
60
91
98
10
17
12
14
16
17
18
19
92
95
97
96
80
31
96
13
95
67
20
23
27
73
53
54
40
70
78
45
56
58
72
38
15
26
59
66
69
53
71
69
6
59
66
92
95
91
14
96
71
45
16
10
35
19
31
35
44
78
81
88
4
5
7
36
36
56
61
32
87
37
89
39
67
59
66
99
29
16
64
88
21
22
33
36
67
82
84
70
90
96
28
51
37
56
58
12
14
16
38
38
91
92
98
71
72
9
54
35
78
15
96
6
32
34
47
99
100
79
80
30
73
29
25
83
47
25
55
60
64
65
67
66
16
79
84
86
7
60
64
65
67
20
23
27
62
61
70
76
90
91
93
96
98
7
32
50
54
55
71
82
84
85
39
83
92
93
29
4
15
74
99
39
43
91
73
7
43
62
66
67
84
90
93
94
96
12
15
16
91
98
32
76
78
41
46
56
58
66
71
49
50
59
57
6
15
89
7
40
64
51
53
54
60
64
65
81
86
9
35
30
78
100
99
100
77
19
38
70
76
0
10
11
12
13
15
16
19
36
71
73
78
9
90
94
96
62
3
89
98
47
78
89
98
32
53
61
63
68
2
0
61
61
79
82
84
85
11
41
43
48
89
90
91
93
94
96
98
26
1
43
30
37
7
37
60
60
64
65
99
38
59
64
38
92
95
78
85
87
12
41
50
52
64
21
22
63
66
68
12
80
69
70
71
72
74
75
76
77
78
88
96
12
14
67
93
3
29
75
78
10
30
48
36
7
25
87
92
95
31
15
4
66
44
45
47
92
67
74
77
60
64
65
86
59
62
83
66
80
43
64
92
95
31
40
91
98
12
32
41
47
11
53
60
62
64
65
66
83
19
59
60
63
64
65
40
44
5
78
41
43
49
78
74
73
62
33
34
35
97
24
28
58
67
14
12
19
43
60
61
64
65
78
79
84
89
59
66
51
74
73
77
78
2
93
48
60
64
65
78
4
29
30
48
76
48
90
96
81
61
29
30
31
32
34
36
37
93
51
12
17
18
44
77
12
61
44
45
80
91
98
56
58
60
75
96
48
92
51
92
30
77
74
97
60
62
100
93
92
36
67
33
10
16
34
0
1
2
3
4
5
6
7
8
9
89
47
48
77
75
55
57
74
51
82
63
68
46
77
82
86
0
84
7
25
26
59
62
63
66
68
19
24
19
34
36
6
60
64
65
9
61
62
25
57
52
20
23
27
84
84
92
7
33
58
74
13
85
49
54
60
64
65
99
100
89
91
98
55
60
64
65
74
99
6
36
47
60
80
12
63
68
69
70
85
15
43
59
82
88
48
47
50
57
62
32
54
19
41
98
87
92
95
100
79
54
79
44
45
97
45
99
15
74
57
30
12
32
87
16
24
33
75
89
16
82
25
26
42
66
71
99
10
15
69
3
15
59
73
75
77
12
16
87
31
75
31
14
64
28
48
17
18
37
63
68
91
98
100
87
33
36
36
50
57
99
62
53
60
64
65
20
21
22
23
17
59
60
61
63
64
65
68
79
13
9
3
7
46
10
36
91
98
37
95
55
89
98
9
89
98
89
97
8
67
10
88
48
32
0
39
32
74
46
49
54
49
80
2
37
41
20
23
26
27
73
78
99
12
73
37
74
44
45
37
25
51
70
12
63
92
95
39
43
52
1
40
45
54
58
62
47
52
56
58
62
35
37
9
12
51
52
53
10
56
58
3
7
8
14
99
100
64
71
54
39
48
19
39
40
41
42
43
44
45
46
47
48
82
88
33
44
28
29
15
60
79
34
19
89
61
85
60
64
65
85
39
33
11
12
13
19
69
97
78
4
61
67
19
69
74
29
29
76
60
52
14
39
13
42
46
35
100
36
100
30
31
33
35
38
43
34
73